$ANSIBLE_VAULT;1.1;AES256
64613233396631306636343566383831313233616630326135653633666432393962306564383737
6237313639616562663832366161643939396537396137380a643832646237393164636462363737
65633764326530373531326161303430623232376631333363346337393936303035366365326666
6666303136346238650a313663653962643632306336323861656232343762393437303834616266
38303161666561623464316634313139373863313438303363383532363834376435663030626464
62643539383530653062393966343765346365656636353063653638343263333935303531383361
36366166356561636438616531626130656662313230623332363738343964373761643737643963
37616437373535323862656165633237326262303232363461626233373665393664636333393961
66653736393437333761663564366562353033613138663565303436343131333565333830306165
30643636336435626238636361396562393032646432613237373533376465643461343936396235
33656636363234623431333466636561393163303235323134386539626334396538623435313530
62363361353237376433356466613039333464303765653932316535333136386631393662343932
3266
